$ANSIBLE_VAULT;1.1;AES256
37626564323533396130623465313366353334643635626632636665326465666261353537373365
3236636164393061633764656463643138313839383134650a656563306334303338613934346634
62373865333539643538636263346639613131313031343833646361633532343431633361363064
6664316462656538360a306635303733343436343763656230313361323861303333376162326165
37393932346435646630303364386235633164666639383763326361643462343137336635626364
31356538623031616536626163663233383836636265613835623262643630313534326164303438
38316632646563363666383939376463653331396336623136356138663564373332346430303864
32623663353766356337303761356633326261633130616165626265346336653732306363623432
37633534623430336639626136346133613231323461643930353762333765383237323364373834
64656539656336373139393630303162656437666164333332363164656238626536363635376664
37306365366439653564323234396665353839353731373939366539643635663164386165636637
35343938316638376639336466626662353730626461303865346539633065333539373935313264
64653136383364303838373434656636353334333964313036353837353366623830666132653931
63343833626131666361633961663132656535323836383237343166386165303734383030373061
34663939376231333762363932383064386562353437646363396232663235323830333266646234
33653033333238373136376235636666613431363536313436613230336438383165636565373562
64663061623038383765663762623639313833336432613964623561373936643132333863386338
38323862613331363233316239353135393436623933346463346438633863366139396263663437
34366633326565356538663066356333313264646230346664343963616133336165396430653266
37316634363663353364653266653738653032636532633164343230376163306436643762323063
66633931333538366565646135313139666330633839666434323338346564306435313235643636
38333562616233396130633438613738363235396232666362356234613134663665353864623035
32613234626363376536393237306266666562376630643731643138643031616664626465653366
66633964333731373332616261393733336332376662323864656565306561646131323063323962
35333138353139396435336231643230353763643666326136346663303335376666
